1;77;-0.0386
2;56;-0.0492
3;48;-0.00654
4;40;0.0379
5;56;0.00831
6;45;-0.0144
7;75;0.00877
8;79;0.000802
9;75;-0.0543
10;54;-0.0129
11;55;-0.0360
12;104;0.00228
13;94;0.0389
14;96;-0.00800
15;39;0.0481
16;51;0.00831
17;52;-0.00970
18;34;0.0195
19;37;0.0217
20;73;-0.000621
21;42;0.0128
22;39;0.00227
23;36;0.0405
24;40;-0.0415
25;56;0.0414
26;60;-0.0177
27;37;-0.00714
28;57;0.0156
29;51;-0.0303
30;84;-0.0326
31;53;-0.0170
32;58;0.0253
33;39;-0.0192
34;49;-0.0447
35;60;0.0555
36;69;-0.0336
37;57;0.00840
38;55;0.0509
39;36;-0.00855
40;36;0.0348
41;92;-0.0311
42;67;-0.0188
43;57;-0.0603
44;53;0.00626
45;39;0.000575
46;54;-0.0464
47;49;-0.0276
48;42;-0.00648
49;64;-0.0183
50;41;0.00235
